0:(-6, 0, 0):(0.00000, 0.00000, 0.00000, 1.00000)
0:(-5, 0, 0):(0.00000, 0.00000, 0.00000, 1.00000)
0:(-4, 0, 0):(0.00000, 0.00000, 0.00000, 1.00000)
0:(-3, 0, 0):(0.00000, 0.00000, 0.00000, 1.00000)
0:(-2, 0, 0):(0.00000, 0.00000, 0.00000, 1.00000)
0:(-2, 0, 1):(0.00000, 0.00000, 0.00000, 1.00000)
0:(-2, 0, 2):(0.00000, 0.00000, 0.00000, 1.00000)
0:(-2, 0, 3):(0.00000, 0.00000, 0.00000, 1.00000)
0:(-2, 0, 4):(0.00000, 0.00000, 0.00000, 1.00000)
0:(-2, 0, 5):(0.00000, 0.00000, 0.00000, 1.00000)
0:(-8, 0, -1):(0.00000, 0.00000, 0.00000, 1.00000)
0:(-7, 0, -1):(0.00000, 0.00000, 0.00000, 1.00000)
0:(-6, 0, -1):(0.00000, 0.00000, 0.00000, 1.00000)
0:(-5, 0, -1):(0.00000, 0.00000, 0.00000, 1.00000)
0:(-4, 0, -1):(0.00000, 0.00000, 0.00000, 1.00000)
0:(-3, 0, -1):(0.00000, 0.00000, 0.00000, 1.00000)
0:(-2, 0, -1):(0.00000, 0.00000, 0.00000, 1.00000)
0:(-1, 0, -1):(0.00000, 0.00000, 0.00000, 1.00000)
0:(0, 0, -1):(0.00000, 0.00000, 0.00000, 1.00000)
0:(1, 0, -1):(0.00000, 0.00000, 0.00000, 1.00000)
0:(2, 0, -1):(0.00000, 0.00000, 0.00000, 1.00000)
0:(3, 0, -1):(0.00000, 0.00000, 0.00000, 1.00000)
0:(4, 0, -1):(0.00000, 0.00000, 0.00000, 1.00000)
0:(5, 0, -1):(0.00000, 0.00000, 0.00000, 1.00000)
0:(6, 0, -1):(0.00000, 0.00000, 0.00000, 1.00000)
0:(7, 0, -1):(0.00000, 0.00000, 0.00000, 1.00000)
0:(7, 0, -2):(0.00000, 0.00000, 0.00000, 1.00000)
0:(7, 0, -3):(0.00000, 0.00000, 0.00000, 1.00000)
