16:(-2.50, 0.00, 0.50):(0.00000, 0.00000, 0.00000, 1.00000)
16:(-1.50, 0.00, 0.00):(0.00000, 0.00000, 0.00000, 1.00000)
16:(-2.50, 0.00, 2.50):(0.00000, 0.00000, 0.00000, 1.00000)
16:(-3.50, 0.00, -1.00):(0.00000, 0.00000, 0.00000, 1.00000)
16:(0.00, 0.00, -2.00):(0.00000, 0.00000, 0.00000, 1.00000)
16:(1.00, 0.00, -0.50):(0.00000, 0.00000, 0.00000, 1.00000)
16:(2.00, 0.00, 1.00):(0.00000, 0.00000, 0.00000, 1.00000)
16:(2.00, 0.00, 2.50):(0.00000, 0.00000, 0.00000, 1.00000)
16:(0.00, 0.00, 1.50):(0.00000, 0.00000, 0.00000, 1.00000)
16:(-1.00, 0.00, 2.00):(0.00000, 0.00000, 0.00000, 1.00000)
