0:(-3.50, 0.00, 3.50):(0.00000, 0.00000, 0.00000, 1.00000)
0:(-3.00, 0.00, 3.50):(0.00000, 0.00000, 0.00000, 1.00000)
0:(-2.50, 0.00, 3.50):(0.00000, 0.00000, 0.00000, 1.00000)
0:(-2.00, 0.00, 3.50):(0.00000, 0.00000, 0.00000, 1.00000)
0:(-1.50, 0.00, 3.50):(0.00000, 0.00000, 0.00000, 1.00000)
0:(-1.00, 0.00, 3.50):(0.00000, 0.00000, 0.00000, 1.00000)
0:(-0.50, 0.00, 3.50):(0.00000, 0.00000, 0.00000, 1.00000)
0:(0.00, 0.00, 3.50):(0.00000, 0.00000, 0.00000, 1.00000)
0:(0.50, 0.00, 3.50):(0.00000, 0.00000, 0.00000, 1.00000)
0:(1.00, 0.00, 3.50):(0.00000, 0.00000, 0.00000, 1.00000)
0:(1.50, 0.00, 3.50):(0.00000, 0.00000, 0.00000, 1.00000)
0:(2.00, 0.00, 3.50):(0.00000, 0.00000, 0.00000, 1.00000)
0:(2.50, 0.00, 3.50):(0.00000, 0.00000, 0.00000, 1.00000)
0:(3.00, 0.00, 3.50):(0.00000, 0.00000, 0.00000, 1.00000)
2:(3.50, 0.00, 2.50):(0.00000, -0.70711, 0.00000, 0.70711)
2:(3.50, 0.00, -3.50):(0.00000, -0.70711, 0.00000, 0.70711)
0:(3.50, 0.00, 2.50):(0.00000, 0.70711, 0.00000, 0.70711)
0:(3.50, 0.00, 2.00):(0.00000, 0.70711, 0.00000, 0.70711)
0:(3.50, 0.00, 1.50):(0.00000, 0.70711, 0.00000, 0.70711)
0:(3.50, 0.00, 1.00):(0.00000, 0.70711, 0.00000, 0.70711)
2:(3.50, 0.00, -0.50):(0.00000, -0.70711, 0.00000, 0.70711)
99:(-3.13, 0.03, -3.02):(0.00000, 0.00000, 0.00000, 1.00000)
0:(3.50, 0.00, -0.50):(0.00000, 0.70711, 0.00000, 0.70711)
0:(3.50, 0.00, -1.00):(0.00000, 0.70711, 0.00000, 0.70711)
0:(3.50, 0.00, -1.50):(0.00000, 0.70711, 0.00000, 0.70711)
0:(3.50, 0.00, -2.00):(0.00000, 0.70711, 0.00000, 0.70711)
2:(2.50, 0.00, -3.50):(0.00000, 0.00000, 0.00000, 1.00000)
0:(1.50, 0.00, -3.50):(0.00000, 0.00000, 0.00000, 1.00000)
2:(-0.50, 0.00, -3.50):(0.00000, 0.00000, 0.00000, 1.00000)
0:(2.00, 0.00, -3.50):(0.00000, 0.00000, 0.00000, 1.00000)
0:(0.50, 0.00, -3.50):(0.00000, 0.00000, 0.00000, 1.00000)
0:(1.00, 0.00, -3.50):(0.00000, 0.00000, 0.00000, 1.00000)
2:(-3.50, 0.00, 2.50):(0.00000, -0.70711, 0.00000, 0.70711)
0:(-1.00, 0.00, -3.50):(0.00000, 0.00000, 0.00000, 1.00000)
2:(-3.50, 0.00, -3.50):(0.00000, -0.70711, 0.00000, 0.70711)
0:(-2.00, 0.00, -3.50):(0.00000, 0.00000, 0.00000, 1.00000)
0:(-2.50, 0.00, -3.50):(0.00000, 0.00000, 0.00000, 1.00000)
0:(-1.50, 0.00, -3.50):(0.00000, 0.00000, 0.00000, 1.00000)
3:(-3.50, 0.00, -3.50):(0.00000, 0.00000, 0.00000, 1.00000)
1:(-3.50, 0.00, -3.00):(0.00000, 0.00000, 0.00000, 1.00000)
2:(-3.50, 0.00, -0.50):(0.00000, -0.70711, 0.00000, 0.70711)
0:(-3.50, 0.00, -2.50):(0.00000, -0.70711, 0.00000, 0.70711)
0:(-3.50, 0.00, -2.00):(0.00000, -0.70711, 0.00000, 0.70711)
0:(-3.50, 0.00, -1.50):(0.00000, -0.70711, 0.00000, 0.70711)
0:(-3.50, 0.00, -1.00):(0.00000, -0.70711, 0.00000, 0.70711)
0:(-3.50, 0.00, 0.50):(0.00000, -0.70711, 0.00000, 0.70711)
0:(-3.50, 0.00, 1.00):(0.00000, -0.70711, 0.00000, 0.70711)
0:(-3.50, 0.00, 1.50):(0.00000, -0.70711, 0.00000, 0.70711)
0:(-3.50, 0.00, 2.00):(0.00000, -0.70711, 0.00000, 0.70711)
1:(-3.50, 0.00, -2.50):(0.00000, 0.00000, 0.00000, 1.00000)
1:(-3.50, 0.00, -2.00):(0.00000, 0.00000, 0.00000, 1.00000)
1:(-3.50, 0.00, -1.50):(0.00000, 0.00000, 0.00000, 1.00000)
1:(-3.50, 0.00, -1.00):(0.00000, 0.00000, 0.00000, 1.00000)
1:(-3.50, 0.00, -0.50):(0.00000, 0.00000, 0.00000, 1.00000)
1:(-3.50, 0.00, 0.00):(0.00000, 0.00000, 0.00000, 1.00000)
1:(-3.50, 0.00, 0.50):(0.00000, 0.00000, 0.00000, 1.00000)
1:(-3.50, 0.00, 1.00):(0.00000, 0.00000, 0.00000, 1.00000)
1:(-3.50, 0.00, 1.50):(0.00000, 0.00000, 0.00000, 1.00000)
1:(-3.50, 0.00, 2.00):(0.00000, 0.00000, 0.00000, 1.00000)
1:(-3.50, 0.00, 2.50):(0.00000, 0.00000, 0.00000, 1.00000)
1:(-3.50, 0.00, 3.00):(0.00000, 0.00000, 0.00000, 1.00000)
1:(-3.50, 0.00, 3.50):(0.00000, 0.00000, 0.00000, 1.00000)
1:(-3.00, 0.00, -3.00):(0.00000, 0.00000, 0.00000, 1.00000)
1:(-3.00, 0.00, -2.50):(0.00000, 0.00000, 0.00000, 1.00000)
1:(-3.00, 0.00, -2.00):(0.00000, 0.00000, 0.00000, 1.00000)
1:(-3.00, 0.00, -1.50):(0.00000, 0.00000, 0.00000, 1.00000)
1:(-3.00, 0.00, -1.00):(0.00000, 0.00000, 0.00000, 1.00000)
1:(-3.00, 0.00, -0.50):(0.00000, 0.00000, 0.00000, 1.00000)
1:(-3.00, 0.00, 0.00):(0.00000, 0.00000, 0.00000, 1.00000)
1:(-3.00, 0.00, 0.50):(0.00000, 0.00000, 0.00000, 1.00000)
1:(-3.00, 0.00, 1.00):(0.00000, 0.00000, 0.00000, 1.00000)
1:(-3.00, 0.00, 1.50):(0.00000, 0.00000, 0.00000, 1.00000)
1:(-3.00, 0.00, 2.00):(0.00000, 0.00000, 0.00000, 1.00000)
1:(-3.00, 0.00, 2.50):(0.00000, 0.00000, 0.00000, 1.00000)
1:(-3.00, 0.00, 3.00):(0.00000, 0.00000, 0.00000, 1.00000)
1:(-3.00, 0.00, 3.50):(0.00000, 0.00000, 0.00000, 1.00000)
1:(-2.50, 0.00, -3.00):(0.00000, 0.00000, 0.00000, 1.00000)
1:(-2.50, 0.00, -2.50):(0.00000, 0.00000, 0.00000, 1.00000)
1:(-2.50, 0.00, -2.00):(0.00000, 0.00000, 0.00000, 1.00000)
1:(-2.50, 0.00, -1.50):(0.00000, 0.00000, 0.00000, 1.00000)
1:(-2.50, 0.00, -1.00):(0.00000, 0.00000, 0.00000, 1.00000)
1:(-2.50, 0.00, -0.50):(0.00000, 0.00000, 0.00000, 1.00000)
1:(-2.50, 0.00, 0.00):(0.00000, 0.00000, 0.00000, 1.00000)
1:(-2.50, 0.00, 0.50):(0.00000, 0.00000, 0.00000, 1.00000)
1:(-2.50, 0.00, 1.00):(0.00000, 0.00000, 0.00000, 1.00000)
1:(-2.50, 0.00, 1.50):(0.00000, 0.00000, 0.00000, 1.00000)
1:(-2.50, 0.00, 2.00):(0.00000, 0.00000, 0.00000, 1.00000)
1:(-2.50, 0.00, 2.50):(0.00000, 0.00000, 0.00000, 1.00000)
1:(-2.50, 0.00, 3.00):(0.00000, 0.00000, 0.00000, 1.00000)
1:(-2.50, 0.00, 3.50):(0.00000, 0.00000, 0.00000, 1.00000)
1:(-2.00, 0.00, -3.00):(0.00000, 0.00000, 0.00000, 1.00000)
1:(-2.00, 0.00, -2.50):(0.00000, 0.00000, 0.00000, 1.00000)
1:(-2.00, 0.00, -2.00):(0.00000, 0.00000, 0.00000, 1.00000)
1:(-2.00, 0.00, -1.50):(0.00000, 0.00000, 0.00000, 1.00000)
1:(-2.00, 0.00, -1.00):(0.00000, 0.00000, 0.00000, 1.00000)
1:(-2.00, 0.00, -0.50):(0.00000, 0.00000, 0.00000, 1.00000)
1:(-2.00, 0.00, 0.00):(0.00000, 0.00000, 0.00000, 1.00000)
1:(-2.00, 0.00, 0.50):(0.00000, 0.00000, 0.00000, 1.00000)
1:(-2.00, 0.00, 1.00):(0.00000, 0.00000, 0.00000, 1.00000)
1:(-2.00, 0.00, 1.50):(0.00000, 0.00000, 0.00000, 1.00000)
1:(-2.00, 0.00, 2.00):(0.00000, 0.00000, 0.00000, 1.00000)
1:(-2.00, 0.00, 2.50):(0.00000, 0.00000, 0.00000, 1.00000)
1:(-2.00, 0.00, 3.00):(0.00000, 0.00000, 0.00000, 1.00000)
1:(-2.00, 0.00, 3.50):(0.00000, 0.00000, 0.00000, 1.00000)
1:(-1.50, 0.00, -3.00):(0.00000, 0.00000, 0.00000, 1.00000)
1:(-1.50, 0.00, -2.50):(0.00000, 0.00000, 0.00000, 1.00000)
1:(-1.50, 0.00, -2.00):(0.00000, 0.00000, 0.00000, 1.00000)
1:(-1.50, 0.00, -1.50):(0.00000, 0.00000, 0.00000, 1.00000)
1:(-1.50, 0.00, -1.00):(0.00000, 0.00000, 0.00000, 1.00000)
1:(-1.50, 0.00, -0.50):(0.00000, 0.00000, 0.00000, 1.00000)
1:(-1.50, 0.00, 0.00):(0.00000, 0.00000, 0.00000, 1.00000)
1:(-1.50, 0.00, 0.50):(0.00000, 0.00000, 0.00000, 1.00000)
1:(-1.50, 0.00, 1.00):(0.00000, 0.00000, 0.00000, 1.00000)
1:(-1.50, 0.00, 1.50):(0.00000, 0.00000, 0.00000, 1.00000)
1:(-1.50, 0.00, 2.00):(0.00000, 0.00000, 0.00000, 1.00000)
1:(-1.50, 0.00, 2.50):(0.00000, 0.00000, 0.00000, 1.00000)
1:(-1.50, 0.00, 3.00):(0.00000, 0.00000, 0.00000, 1.00000)
1:(-1.50, 0.00, 3.50):(0.00000, 0.00000, 0.00000, 1.00000)
1:(-1.00, 0.00, -3.00):(0.00000, 0.00000, 0.00000, 1.00000)
1:(-1.00, 0.00, -2.50):(0.00000, 0.00000, 0.00000, 1.00000)
1:(-1.00, 0.00, -2.00):(0.00000, 0.00000, 0.00000, 1.00000)
1:(-1.00, 0.00, -1.50):(0.00000, 0.00000, 0.00000, 1.00000)
1:(-1.00, 0.00, -1.00):(0.00000, 0.00000, 0.00000, 1.00000)
1:(-1.00, 0.00, -0.50):(0.00000, 0.00000, 0.00000, 1.00000)
1:(-1.00, 0.00, 0.00):(0.00000, 0.00000, 0.00000, 1.00000)
1:(-1.00, 0.00, 0.50):(0.00000, 0.00000, 0.00000, 1.00000)
1:(-1.00, 0.00, 1.00):(0.00000, 0.00000, 0.00000, 1.00000)
1:(-1.00, 0.00, 1.50):(0.00000, 0.00000, 0.00000, 1.00000)
1:(-1.00, 0.00, 2.00):(0.00000, 0.00000, 0.00000, 1.00000)
1:(-1.00, 0.00, 2.50):(0.00000, 0.00000, 0.00000, 1.00000)
1:(-1.00, 0.00, 3.00):(0.00000, 0.00000, 0.00000, 1.00000)
1:(-1.00, 0.00, 3.50):(0.00000, 0.00000, 0.00000, 1.00000)
1:(-0.50, 0.00, -3.00):(0.00000, 0.00000, 0.00000, 1.00000)
1:(-0.50, 0.00, -2.50):(0.00000, 0.00000, 0.00000, 1.00000)
1:(-0.50, 0.00, -2.00):(0.00000, 0.00000, 0.00000, 1.00000)
1:(-0.50, 0.00, -1.50):(0.00000, 0.00000, 0.00000, 1.00000)
1:(-0.50, 0.00, -1.00):(0.00000, 0.00000, 0.00000, 1.00000)
1:(-0.50, 0.00, -0.50):(0.00000, 0.00000, 0.00000, 1.00000)
1:(-0.50, 0.00, 0.00):(0.00000, 0.00000, 0.00000, 1.00000)
1:(-0.50, 0.00, 0.50):(0.00000, 0.00000, 0.00000, 1.00000)
1:(-0.50, 0.00, 1.00):(0.00000, 0.00000, 0.00000, 1.00000)
1:(-0.50, 0.00, 1.50):(0.00000, 0.00000, 0.00000, 1.00000)
1:(-0.50, 0.00, 2.00):(0.00000, 0.00000, 0.00000, 1.00000)
1:(-0.50, 0.00, 2.50):(0.00000, 0.00000, 0.00000, 1.00000)
1:(-0.50, 0.00, 3.00):(0.00000, 0.00000, 0.00000, 1.00000)
1:(-0.50, 0.00, 3.50):(0.00000, 0.00000, 0.00000, 1.00000)
1:(0.00, 0.00, -3.00):(0.00000, 0.00000, 0.00000, 1.00000)
1:(0.00, 0.00, -2.50):(0.00000, 0.00000, 0.00000, 1.00000)
1:(0.00, 0.00, -2.00):(0.00000, 0.00000, 0.00000, 1.00000)
1:(0.00, 0.00, -1.50):(0.00000, 0.00000, 0.00000, 1.00000)
1:(0.00, 0.00, -1.00):(0.00000, 0.00000, 0.00000, 1.00000)
1:(0.00, 0.00, -0.50):(0.00000, 0.00000, 0.00000, 1.00000)
1:(0.00, 0.00, 0.00):(0.00000, 0.00000, 0.00000, 1.00000)
1:(0.00, 0.00, 0.50):(0.00000, 0.00000, 0.00000, 1.00000)
1:(0.00, 0.00, 1.00):(0.00000, 0.00000, 0.00000, 1.00000)
1:(0.00, 0.00, 1.50):(0.00000, 0.00000, 0.00000, 1.00000)
1:(0.00, 0.00, 2.00):(0.00000, 0.00000, 0.00000, 1.00000)
1:(0.00, 0.00, 2.50):(0.00000, 0.00000, 0.00000, 1.00000)
1:(0.00, 0.00, 3.00):(0.00000, 0.00000, 0.00000, 1.00000)
1:(0.00, 0.00, 3.50):(0.00000, 0.00000, 0.00000, 1.00000)
1:(0.50, 0.00, -3.00):(0.00000, 0.00000, 0.00000, 1.00000)
1:(0.50, 0.00, -2.50):(0.00000, 0.00000, 0.00000, 1.00000)
1:(0.50, 0.00, -2.00):(0.00000, 0.00000, 0.00000, 1.00000)
1:(0.50, 0.00, -1.50):(0.00000, 0.00000, 0.00000, 1.00000)
1:(0.50, 0.00, -1.00):(0.00000, 0.00000, 0.00000, 1.00000)
1:(0.50, 0.00, -0.50):(0.00000, 0.00000, 0.00000, 1.00000)
1:(0.50, 0.00, 0.00):(0.00000, 0.00000, 0.00000, 1.00000)
1:(0.50, 0.00, 0.50):(0.00000, 0.00000, 0.00000, 1.00000)
1:(0.50, 0.00, 1.00):(0.00000, 0.00000, 0.00000, 1.00000)
1:(0.50, 0.00, 1.50):(0.00000, 0.00000, 0.00000, 1.00000)
1:(0.50, 0.00, 2.00):(0.00000, 0.00000, 0.00000, 1.00000)
1:(0.50, 0.00, 2.50):(0.00000, 0.00000, 0.00000, 1.00000)
1:(0.50, 0.00, 3.00):(0.00000, 0.00000, 0.00000, 1.00000)
1:(0.50, 0.00, 3.50):(0.00000, 0.00000, 0.00000, 1.00000)
1:(1.00, 0.00, -3.00):(0.00000, 0.00000, 0.00000, 1.00000)
1:(1.00, 0.00, -2.50):(0.00000, 0.00000, 0.00000, 1.00000)
1:(1.00, 0.00, -2.00):(0.00000, 0.00000, 0.00000, 1.00000)
1:(1.00, 0.00, -1.50):(0.00000, 0.00000, 0.00000, 1.00000)
1:(1.00, 0.00, -1.00):(0.00000, 0.00000, 0.00000, 1.00000)
1:(1.00, 0.00, -0.50):(0.00000, 0.00000, 0.00000, 1.00000)
1:(1.00, 0.00, 0.00):(0.00000, 0.00000, 0.00000, 1.00000)
1:(1.00, 0.00, 0.50):(0.00000, 0.00000, 0.00000, 1.00000)
1:(1.00, 0.00, 1.00):(0.00000, 0.00000, 0.00000, 1.00000)
1:(1.00, 0.00, 1.50):(0.00000, 0.00000, 0.00000, 1.00000)
1:(1.00, 0.00, 2.00):(0.00000, 0.00000, 0.00000, 1.00000)
1:(1.00, 0.00, 2.50):(0.00000, 0.00000, 0.00000, 1.00000)
1:(1.00, 0.00, 3.00):(0.00000, 0.00000, 0.00000, 1.00000)
1:(1.00, 0.00, 3.50):(0.00000, 0.00000, 0.00000, 1.00000)
1:(1.50, 0.00, -3.00):(0.00000, 0.00000, 0.00000, 1.00000)
1:(1.50, 0.00, -2.50):(0.00000, 0.00000, 0.00000, 1.00000)
1:(1.50, 0.00, -2.00):(0.00000, 0.00000, 0.00000, 1.00000)
1:(1.50, 0.00, -1.50):(0.00000, 0.00000, 0.00000, 1.00000)
1:(1.50, 0.00, -1.00):(0.00000, 0.00000, 0.00000, 1.00000)
1:(1.50, 0.00, -0.50):(0.00000, 0.00000, 0.00000, 1.00000)
1:(1.50, 0.00, 0.00):(0.00000, 0.00000, 0.00000, 1.00000)
1:(1.50, 0.00, 0.50):(0.00000, 0.00000, 0.00000, 1.00000)
1:(1.50, 0.00, 1.00):(0.00000, 0.00000, 0.00000, 1.00000)
1:(1.50, 0.00, 1.50):(0.00000, 0.00000, 0.00000, 1.00000)
1:(1.50, 0.00, 2.00):(0.00000, 0.00000, 0.00000, 1.00000)
1:(1.50, 0.00, 2.50):(0.00000, 0.00000, 0.00000, 1.00000)
1:(1.50, 0.00, 3.00):(0.00000, 0.00000, 0.00000, 1.00000)
1:(1.50, 0.00, 3.50):(0.00000, 0.00000, 0.00000, 1.00000)
1:(2.00, 0.00, -3.00):(0.00000, 0.00000, 0.00000, 1.00000)
1:(2.00, 0.00, -2.50):(0.00000, 0.00000, 0.00000, 1.00000)
1:(2.00, 0.00, -2.00):(0.00000, 0.00000, 0.00000, 1.00000)
1:(2.00, 0.00, -1.50):(0.00000, 0.00000, 0.00000, 1.00000)
1:(2.00, 0.00, -1.00):(0.00000, 0.00000, 0.00000, 1.00000)
1:(2.00, 0.00, -0.50):(0.00000, 0.00000, 0.00000, 1.00000)
1:(2.00, 0.00, 0.00):(0.00000, 0.00000, 0.00000, 1.00000)
1:(2.00, 0.00, 0.50):(0.00000, 0.00000, 0.00000, 1.00000)
1:(2.00, 0.00, 1.00):(0.00000, 0.00000, 0.00000, 1.00000)
1:(2.00, 0.00, 1.50):(0.00000, 0.00000, 0.00000, 1.00000)
1:(2.00, 0.00, 2.00):(0.00000, 0.00000, 0.00000, 1.00000)
1:(2.00, 0.00, 2.50):(0.00000, 0.00000, 0.00000, 1.00000)
1:(2.00, 0.00, 3.00):(0.00000, 0.00000, 0.00000, 1.00000)
1:(2.00, 0.00, 3.50):(0.00000, 0.00000, 0.00000, 1.00000)
1:(2.50, 0.00, -3.00):(0.00000, 0.00000, 0.00000, 1.00000)
1:(2.50, 0.00, -2.50):(0.00000, 0.00000, 0.00000, 1.00000)
1:(2.50, 0.00, -2.00):(0.00000, 0.00000, 0.00000, 1.00000)
1:(2.50, 0.00, -1.50):(0.00000, 0.00000, 0.00000, 1.00000)
1:(2.50, 0.00, -1.00):(0.00000, 0.00000, 0.00000, 1.00000)
1:(2.50, 0.00, -0.50):(0.00000, 0.00000, 0.00000, 1.00000)
1:(2.50, 0.00, 0.00):(0.00000, 0.00000, 0.00000, 1.00000)
1:(2.50, 0.00, 0.50):(0.00000, 0.00000, 0.00000, 1.00000)
1:(2.50, 0.00, 1.00):(0.00000, 0.00000, 0.00000, 1.00000)
1:(2.50, 0.00, 1.50):(0.00000, 0.00000, 0.00000, 1.00000)
1:(2.50, 0.00, 2.00):(0.00000, 0.00000, 0.00000, 1.00000)
1:(2.50, 0.00, 2.50):(0.00000, 0.00000, 0.00000, 1.00000)
1:(2.50, 0.00, 3.00):(0.00000, 0.00000, 0.00000, 1.00000)
1:(2.50, 0.00, 3.50):(0.00000, 0.00000, 0.00000, 1.00000)
1:(3.00, 0.00, -3.00):(0.00000, 0.00000, 0.00000, 1.00000)
1:(3.00, 0.00, -2.50):(0.00000, 0.00000, 0.00000, 1.00000)
1:(3.00, 0.00, -2.00):(0.00000, 0.00000, 0.00000, 1.00000)
1:(3.00, 0.00, -1.50):(0.00000, 0.00000, 0.00000, 1.00000)
1:(3.00, 0.00, -1.00):(0.00000, 0.00000, 0.00000, 1.00000)
1:(3.00, 0.00, -0.50):(0.00000, 0.00000, 0.00000, 1.00000)
1:(3.00, 0.00, 0.00):(0.00000, 0.00000, 0.00000, 1.00000)
1:(3.00, 0.00, 0.50):(0.00000, 0.00000, 0.00000, 1.00000)
1:(3.00, 0.00, 1.00):(0.00000, 0.00000, 0.00000, 1.00000)
1:(3.00, 0.00, 1.50):(0.00000, 0.00000, 0.00000, 1.00000)
1:(3.00, 0.00, 2.00):(0.00000, 0.00000, 0.00000, 1.00000)
1:(3.00, 0.00, 2.50):(0.00000, 0.00000, 0.00000, 1.00000)
1:(3.00, 0.00, 3.00):(0.00000, 0.00000, 0.00000, 1.00000)
1:(3.00, 0.00, 3.50):(0.00000, 0.00000, 0.00000, 1.00000)
24:(-3.50, 0.00, 1.00):(0.00000, 0.70711, 0.00000, -0.70711)
24:(-4.00, 0.00, -1.00):(0.00000, 0.70711, 0.00000, 0.70711)
10:(-3.50, 0.00, 0.00):(0.00000, -0.70711, 0.00000, 0.70711)
10:(-3.50, 0.00, 0.50):(0.00000, -0.70711, 0.00000, 0.70711)
19:(-3.00, 0.00, 2.00):(0.00000, 0.70711, 0.00000, -0.70711)
19:(-3.00, 0.00, -2.50):(0.00000, 0.70711, 0.00000, -0.70711)
19:(-1.50, 0.00, -3.00):(0.00000, 1.00000, 0.00000, 0.00000)
19:(-0.50, 0.00, -3.00):(0.00000, 1.00000, 0.00000, 0.00000)
