1:(-2.50, 0.00, 2.00):(0.00000, 0.00000, 0.00000, 1.00000)
1:(-2.50, 0.00, 1.00):(0.00000, 0.00000, 0.00000, 1.00000)
1:(-2.50, 0.00, 0.00):(0.00000, 0.00000, 0.00000, 1.00000)
1:(-1.50, 0.00, 2.00):(0.00000, 0.00000, 0.00000, 1.00000)
1:(-1.50, 0.00, 1.00):(0.00000, 0.00000, 0.00000, 1.00000)
1:(-1.50, 0.00, 0.00):(0.00000, 0.00000, 0.00000, 1.00000)
1:(-0.50, 0.00, 2.00):(0.00000, 0.00000, 0.00000, 1.00000)
1:(-0.50, 0.00, 1.00):(0.00000, 0.00000, 0.00000, 1.00000)
1:(-0.50, 0.00, 0.00):(0.00000, 0.00000, 0.00000, 1.00000)
0:(-2.50, 0.00, 3.00):(0.00000, 0.00000, 0.00000, 1.00000)
0:(-2.00, 0.00, 3.00):(0.00000, 0.00000, 0.00000, 1.00000)
2:(-1.50, 0.00, 3.00):(0.00000, 0.00000, 0.00000, 1.00000)
2:(0.50, 0.00, 1.00):(0.00000, -0.70711, 0.00000, 0.70711)
0:(-0.50, 0.00, 3.00):(0.00000, 0.00000, 0.00000, 1.00000)
0:(0.00, 0.00, 3.00):(0.00000, 0.00000, 0.00000, 1.00000)
0:(0.50, 0.00, 3.00):(0.00000, 0.70711, 0.00000, 0.70711)
0:(0.50, 0.00, 2.50):(0.00000, 0.70711, 0.00000, 0.70711)
2:(-2.50, 0.00, 1.00):(0.00000, -0.70711, 0.00000, 0.70711)
0:(0.50, 0.00, 1.00):(0.00000, 0.70711, 0.00000, 0.70711)
0:(0.50, 0.00, 0.50):(0.00000, 0.70711, 0.00000, 0.70711)
0:(0.50, 0.00, 0.00):(0.00000, 1.00000, 0.00000, 0.00000)
0:(0.00, 0.00, 0.00):(0.00000, 1.00000, 0.00000, 0.00000)
3:(-1.50, 0.00, 0.00):(0.00000, 0.00000, 0.00000, 1.00000)
0:(-1.50, 0.00, 0.00):(0.00000, 1.00000, 0.00000, 0.00000)
0:(-2.00, 0.00, 0.00):(0.00000, 1.00000, 0.00000, 0.00000)
0:(-2.50, 0.00, 0.00):(0.00000, -0.70711, 0.00000, 0.70711)
0:(-2.50, 0.00, 0.50):(0.00000, -0.70711, 0.00000, 0.70711)
0:(-2.50, 0.00, 2.00):(0.00000, -0.70711, 0.00000, 0.70711)
0:(-2.50, 0.00, 2.50):(0.00000, -0.70711, 0.00000, 0.70711)
99:(0.57, 0.03, -4.98):(0.11948, -0.63751, 0.10097, 0.75439)
